2022/03/14-20:24:43.158676 115b4e600 RocksDB version: 6.17.3
2022/03/14-20:24:43.158779 115b4e600 Git sha rocksdb_build_git_sha:@09c7e96eac1ab983f97ce9e0406730b8014b3398@
2022/03/14-20:24:43.158785 115b4e600 Compile date Mar 13 2022
2022/03/14-20:24:43.158819 115b4e600 DB SUMMARY
2022/03/14-20:24:43.158822 115b4e600 DB Session ID:  0HNVU8QJOJNZE5KTQWE3
2022/03/14-20:24:43.158959 115b4e600 CURRENT file:  CURRENT
2022/03/14-20:24:43.158967 115b4e600 IDENTITY file:  IDENTITY
2022/03/14-20:24:43.158980 115b4e600 MANIFEST file:  MANIFEST-000003 size: 1376 Bytes
2022/03/14-20:24:43.158985 115b4e600 SST files in test-ledger/rocksdb dir, Total Num: 0, files: 
2022/03/14-20:24:43.158988 115b4e600 Write Ahead Log file in test-ledger/rocksdb: 000004.log size: 3918 ; 
2022/03/14-20:24:43.158993 115b4e600                         Options.error_if_exists: 0
2022/03/14-20:24:43.158996 115b4e600                       Options.create_if_missing: 1
2022/03/14-20:24:43.158999 115b4e600                         Options.paranoid_checks: 1
2022/03/14-20:24:43.159001 115b4e600                               Options.track_and_verify_wals_in_manifest: 0
2022/03/14-20:24:43.159004 115b4e600                                     Options.env: 0x10a4ca758
2022/03/14-20:24:43.159008 115b4e600                                      Options.fs: Posix File System
2022/03/14-20:24:43.159010 115b4e600                                Options.info_log: 0x600002f801e0
2022/03/14-20:24:43.159012 115b4e600                Options.max_file_opening_threads: 16
2022/03/14-20:24:43.159015 115b4e600                              Options.statistics: 0x0
2022/03/14-20:24:43.159017 115b4e600                               Options.use_fsync: 0
2022/03/14-20:24:43.159020 115b4e600                       Options.max_log_file_size: 0
2022/03/14-20:24:43.159023 115b4e600                  Options.max_manifest_file_size: 1073741824
2022/03/14-20:24:43.159026 115b4e600                   Options.log_file_time_to_roll: 0
2022/03/14-20:24:43.159028 115b4e600                       Options.keep_log_file_num: 1000
2022/03/14-20:24:43.159031 115b4e600                    Options.recycle_log_file_num: 0
2022/03/14-20:24:43.159034 115b4e600                         Options.allow_fallocate: 1
2022/03/14-20:24:43.159037 115b4e600                        Options.allow_mmap_reads: 0
2022/03/14-20:24:43.159039 115b4e600                       Options.allow_mmap_writes: 0
2022/03/14-20:24:43.159042 115b4e600                        Options.use_direct_reads: 0
2022/03/14-20:24:43.159044 115b4e600                        Options.use_direct_io_for_flush_and_compaction: 0
2022/03/14-20:24:43.159047 115b4e600          Options.create_missing_column_families: 1
2022/03/14-20:24:43.159050 115b4e600                              Options.db_log_dir: 
2022/03/14-20:24:43.159053 115b4e600                                 Options.wal_dir: test-ledger/rocksdb
2022/03/14-20:24:43.159055 115b4e600                Options.table_cache_numshardbits: 6
2022/03/14-20:24:43.159058 115b4e600                         Options.WAL_ttl_seconds: 0
2022/03/14-20:24:43.159061 115b4e600                       Options.WAL_size_limit_MB: 0
2022/03/14-20:24:43.159063 115b4e600                        Options.max_write_batch_group_size_bytes: 1048576
2022/03/14-20:24:43.159066 115b4e600             Options.manifest_preallocation_size: 4194304
2022/03/14-20:24:43.159069 115b4e600                     Options.is_fd_close_on_exec: 1
2022/03/14-20:24:43.159071 115b4e600                   Options.advise_random_on_open: 1
2022/03/14-20:24:43.159073 115b4e600                    Options.db_write_buffer_size: 0
2022/03/14-20:24:43.159075 115b4e600                    Options.write_buffer_manager: 0x6000002950b0
2022/03/14-20:24:43.159077 115b4e600         Options.access_hint_on_compaction_start: 1
2022/03/14-20:24:43.159079 115b4e600  Options.new_table_reader_for_compaction_inputs: 0
2022/03/14-20:24:43.159081 115b4e600           Options.random_access_max_buffer_size: 1048576
2022/03/14-20:24:43.159083 115b4e600                      Options.use_adaptive_mutex: 0
2022/03/14-20:24:43.159085 115b4e600                            Options.rate_limiter: 0x0
2022/03/14-20:24:43.159143 115b4e600     Options.sst_file_manager.rate_bytes_per_sec: 0
2022/03/14-20:24:43.159147 115b4e600                       Options.wal_recovery_mode: 2
2022/03/14-20:24:43.159149 115b4e600                  Options.enable_thread_tracking: 0
2022/03/14-20:24:43.159151 115b4e600                  Options.enable_pipelined_write: 0
2022/03/14-20:24:43.159153 115b4e600                  Options.unordered_write: 0
2022/03/14-20:24:43.159155 115b4e600         Options.allow_concurrent_memtable_write: 1
2022/03/14-20:24:43.159157 115b4e600      Options.enable_write_thread_adaptive_yield: 1
2022/03/14-20:24:43.159159 115b4e600             Options.write_thread_max_yield_usec: 100
2022/03/14-20:24:43.159161 115b4e600            Options.write_thread_slow_yield_usec: 3
2022/03/14-20:24:43.159164 115b4e600                               Options.row_cache: None
2022/03/14-20:24:43.159337 115b4e600                              Options.wal_filter: None
2022/03/14-20:24:43.159343 115b4e600             Options.avoid_flush_during_recovery: 0
2022/03/14-20:24:43.159346 115b4e600             Options.allow_ingest_behind: 0
2022/03/14-20:24:43.159348 115b4e600             Options.preserve_deletes: 0
2022/03/14-20:24:43.159349 115b4e600             Options.two_write_queues: 0
2022/03/14-20:24:43.159352 115b4e600             Options.manual_wal_flush: 0
2022/03/14-20:24:43.159354 115b4e600             Options.atomic_flush: 0
2022/03/14-20:24:43.159356 115b4e600             Options.avoid_unnecessary_blocking_io: 0
2022/03/14-20:24:43.159358 115b4e600                 Options.persist_stats_to_disk: 0
2022/03/14-20:24:43.159360 115b4e600                 Options.write_dbid_to_manifest: 0
2022/03/14-20:24:43.159362 115b4e600                 Options.log_readahead_size: 0
2022/03/14-20:24:43.159539 115b4e600                 Options.file_checksum_gen_factory: Unknown
2022/03/14-20:24:43.159545 115b4e600                 Options.best_efforts_recovery: 0
2022/03/14-20:24:43.159548 115b4e600                Options.max_bgerror_resume_count: 2147483647
2022/03/14-20:24:43.159550 115b4e600            Options.bgerror_resume_retry_interval: 1000000
2022/03/14-20:24:43.159553 115b4e600             Options.allow_data_in_errors: 0
2022/03/14-20:24:43.159555 115b4e600             Options.db_host_id: __hostname__
2022/03/14-20:24:43.159557 115b4e600             Options.max_background_jobs: 4
2022/03/14-20:24:43.159560 115b4e600             Options.max_background_compactions: -1
2022/03/14-20:24:43.159562 115b4e600             Options.max_subcompactions: 1
2022/03/14-20:24:43.159565 115b4e600             Options.avoid_flush_during_shutdown: 0
2022/03/14-20:24:43.159567 115b4e600           Options.writable_file_max_buffer_size: 1048576
2022/03/14-20:24:43.159569 115b4e600             Options.delayed_write_rate : 16777216
2022/03/14-20:24:43.159571 115b4e600             Options.max_total_wal_size: 4294967296
2022/03/14-20:24:43.159573 115b4e600             Options.delete_obsolete_files_period_micros: 21600000000
2022/03/14-20:24:43.159575 115b4e600                   Options.stats_dump_period_sec: 600
2022/03/14-20:24:43.159578 115b4e600                 Options.stats_persist_period_sec: 600
2022/03/14-20:24:43.159580 115b4e600                 Options.stats_history_buffer_size: 1048576
2022/03/14-20:24:43.159582 115b4e600                          Options.max_open_files: -1
2022/03/14-20:24:43.159584 115b4e600                          Options.bytes_per_sync: 0
2022/03/14-20:24:43.159587 115b4e600                      Options.wal_bytes_per_sync: 0
2022/03/14-20:24:43.159589 115b4e600                   Options.strict_bytes_per_sync: 0
2022/03/14-20:24:43.159591 115b4e600       Options.compaction_readahead_size: 0
2022/03/14-20:24:43.159593 115b4e600                  Options.max_background_flushes: -1
2022/03/14-20:24:43.159596 115b4e600 Compression algorithms supported:
2022/03/14-20:24:43.159598 115b4e600 	kZSTD supported: 0
2022/03/14-20:24:43.159601 115b4e600 	kZlibCompression supported: 0
2022/03/14-20:24:43.159603 115b4e600 	kXpressCompression supported: 0
2022/03/14-20:24:43.159669 115b4e600 	kSnappyCompression supported: 0
2022/03/14-20:24:43.159673 115b4e600 	kZSTDNotFinalCompression supported: 0
2022/03/14-20:24:43.159676 115b4e600 	kLZ4HCCompression supported: 1
2022/03/14-20:24:43.159678 115b4e600 	kLZ4Compression supported: 1
2022/03/14-20:24:43.159680 115b4e600 	kBZip2Compression supported: 0
2022/03/14-20:24:43.159684 115b4e600 Fast CRC32 supported: Supported on x86
2022/03/14-20:24:43.159966 115b4e600 [db/version_set.cc:4757] Recovering from manifest file: test-ledger/rocksdb/MANIFEST-000003
2022/03/14-20:24:43.160032 115b4e600 [db/column_family.cc:597] --------------- Options for column family [default]:
2022/03/14-20:24:43.160035 115b4e600               Options.comparator: leveldb.BytewiseComparator
2022/03/14-20:24:43.160037 115b4e600           Options.merge_operator: None
2022/03/14-20:24:43.160038 115b4e600        Options.compaction_filter: None
2022/03/14-20:24:43.160040 115b4e600        Options.compaction_filter_factory: None
2022/03/14-20:24:43.160041 115b4e600  Options.sst_partitioner_factory: None
2022/03/14-20:24:43.160043 115b4e600         Options.memtable_factory: SkipListFactory
2022/03/14-20:24:43.160044 115b4e600            Options.table_factory: BlockBasedTable
2022/03/14-20:24:43.160066 115b4e600            table_factory options:   flush_block_policy_factory: FlushBlockBySizePolicyFactory (0x600000e84860)
  cache_index_and_filter_blocks: 0
  cache_index_and_filter_blocks_with_high_priority: 1
  pin_l0_filter_and_index_blocks_in_cache: 0
  pin_top_level_index_and_filter: 1
  index_type: 0
  data_block_index_type: 0
  index_shortening: 1
  data_block_hash_table_util_ratio: 0.750000
  hash_index_allow_collision: 1
  checksum: 1
  no_block_cache: 0
  block_cache: 0x600003d81918
  block_cache_name: LRUCache
  block_cache_options:
    capacity : 8388608
    num_shard_bits : 4
    strict_capacity_limit : 0
    memory_allocator : None
    high_pri_pool_ratio: 0.000
  block_cache_compressed: 0x0
  persistent_cache: 0x0
  block_size: 4096
  block_size_deviation: 10
  block_restart_interval: 16
  index_block_restart_interval: 1
  metadata_block_size: 4096
  partition_filters: 0
  use_delta_encoding: 1
  filter_policy: nullptr
  whole_key_filtering: 1
  verify_compression: 0
  read_amp_bytes_per_bit: 0
  format_version: 4
  enable_index_compression: 1
  block_align: 0
2022/03/14-20:24:43.160074 115b4e600        Options.write_buffer_size: 67108864
2022/03/14-20:24:43.160075 115b4e600  Options.max_write_buffer_number: 2
2022/03/14-20:24:43.160077 115b4e600          Options.compression: NoCompression
2022/03/14-20:24:43.160079 115b4e600                  Options.bottommost_compression: Disabled
2022/03/14-20:24:43.160080 115b4e600       Options.prefix_extractor: nullptr
2022/03/14-20:24:43.160082 115b4e600   Options.memtable_insert_with_hint_prefix_extractor: nullptr
2022/03/14-20:24:43.160083 115b4e600             Options.num_levels: 7
2022/03/14-20:24:43.160085 115b4e600        Options.min_write_buffer_number_to_merge: 1
2022/03/14-20:24:43.160086 115b4e600     Options.max_write_buffer_number_to_maintain: 0
2022/03/14-20:24:43.160088 115b4e600     Options.max_write_buffer_size_to_maintain: 0
2022/03/14-20:24:43.160089 115b4e600            Options.bottommost_compression_opts.window_bits: -14
2022/03/14-20:24:43.160091 115b4e600                  Options.bottommost_compression_opts.level: 32767
2022/03/14-20:24:43.160092 115b4e600               Options.bottommost_compression_opts.strategy: 0
2022/03/14-20:24:43.160094 115b4e600         Options.bottommost_compression_opts.max_dict_bytes: 0
2022/03/14-20:24:43.160095 115b4e600         Options.bottommost_compression_opts.zstd_max_train_bytes: 0
2022/03/14-20:24:43.160097 115b4e600         Options.bottommost_compression_opts.parallel_threads: 1
2022/03/14-20:24:43.160098 115b4e600                  Options.bottommost_compression_opts.enabled: false
2022/03/14-20:24:43.160100 115b4e600            Options.compression_opts.window_bits: -14
2022/03/14-20:24:43.160101 115b4e600                  Options.compression_opts.level: 32767
2022/03/14-20:24:43.160147 115b4e600               Options.compression_opts.strategy: 0
2022/03/14-20:24:43.160150 115b4e600         Options.compression_opts.max_dict_bytes: 0
2022/03/14-20:24:43.160151 115b4e600         Options.compression_opts.zstd_max_train_bytes: 0
2022/03/14-20:24:43.160153 115b4e600         Options.compression_opts.parallel_threads: 1
2022/03/14-20:24:43.160154 115b4e600                  Options.compression_opts.enabled: false
2022/03/14-20:24:43.160156 115b4e600      Options.level0_file_num_compaction_trigger: 4
2022/03/14-20:24:43.160157 115b4e600          Options.level0_slowdown_writes_trigger: 20
2022/03/14-20:24:43.160159 115b4e600              Options.level0_stop_writes_trigger: 36
2022/03/14-20:24:43.160160 115b4e600                   Options.target_file_size_base: 67108864
2022/03/14-20:24:43.160161 115b4e600             Options.target_file_size_multiplier: 1
2022/03/14-20:24:43.160163 115b4e600                Options.max_bytes_for_level_base: 268435456
2022/03/14-20:24:43.160164 115b4e600 Options.level_compaction_dynamic_level_bytes: 0
2022/03/14-20:24:43.160166 115b4e600          Options.max_bytes_for_level_multiplier: 10.000000
2022/03/14-20:24:43.160168 115b4e600 Options.max_bytes_for_level_multiplier_addtl[0]: 1
2022/03/14-20:24:43.160170 115b4e600 Options.max_bytes_for_level_multiplier_addtl[1]: 1
2022/03/14-20:24:43.160171 115b4e600 Options.max_bytes_for_level_multiplier_addtl[2]: 1
2022/03/14-20:24:43.160173 115b4e600 Options.max_bytes_for_level_multiplier_addtl[3]: 1
2022/03/14-20:24:43.160174 115b4e600 Options.max_bytes_for_level_multiplier_addtl[4]: 1
2022/03/14-20:24:43.160176 115b4e600 Options.max_bytes_for_level_multiplier_addtl[5]: 1
2022/03/14-20:24:43.160177 115b4e600 Options.max_bytes_for_level_multiplier_addtl[6]: 1
2022/03/14-20:24:43.160179 115b4e600       Options.max_sequential_skip_in_iterations: 8
2022/03/14-20:24:43.160180 115b4e600                    Options.max_compaction_bytes: 1677721600
2022/03/14-20:24:43.160181 115b4e600                        Options.arena_block_size: 8388608
2022/03/14-20:24:43.160183 115b4e600   Options.soft_pending_compaction_bytes_limit: 68719476736
2022/03/14-20:24:43.160184 115b4e600   Options.hard_pending_compaction_bytes_limit: 274877906944
2022/03/14-20:24:43.160186 115b4e600       Options.rate_limit_delay_max_milliseconds: 100
2022/03/14-20:24:43.160187 115b4e600                Options.disable_auto_compactions: 0
2022/03/14-20:24:43.160189 115b4e600                        Options.compaction_style: kCompactionStyleLevel
2022/03/14-20:24:43.160191 115b4e600                          Options.compaction_pri: kMinOverlappingRatio
2022/03/14-20:24:43.160192 115b4e600 Options.compaction_options_universal.size_ratio: 1
2022/03/14-20:24:43.160194 115b4e600 Options.compaction_options_universal.min_merge_width: 2
2022/03/14-20:24:43.160195 115b4e600 Options.compaction_options_universal.max_merge_width: 4294967295
2022/03/14-20:24:43.160197 115b4e600 Options.compaction_options_universal.max_size_amplification_percent: 200
2022/03/14-20:24:43.160198 115b4e600 Options.compaction_options_universal.compression_size_percent: -1
2022/03/14-20:24:43.160200 115b4e600 Options.compaction_options_universal.stop_style: kCompactionStopStyleTotalSize
2022/03/14-20:24:43.160202 115b4e600 Options.compaction_options_fifo.max_table_files_size: 1073741824
2022/03/14-20:24:43.160203 115b4e600 Options.compaction_options_fifo.allow_compaction: 0
2022/03/14-20:24:43.160206 115b4e600                   Options.table_properties_collectors: 
2022/03/14-20:24:43.160207 115b4e600                   Options.inplace_update_support: 0
2022/03/14-20:24:43.160209 115b4e600                 Options.inplace_update_num_locks: 10000
2022/03/14-20:24:43.160210 115b4e600               Options.memtable_prefix_bloom_size_ratio: 0.000000
2022/03/14-20:24:43.160212 115b4e600               Options.memtable_whole_key_filtering: 0
2022/03/14-20:24:43.160213 115b4e600   Options.memtable_huge_page_size: 0
2022/03/14-20:24:43.160215 115b4e600                           Options.bloom_locality: 0
2022/03/14-20:24:43.160238 115b4e600                    Options.max_successive_merges: 0
2022/03/14-20:24:43.160240 115b4e600                Options.optimize_filters_for_hits: 0
2022/03/14-20:24:43.160242 115b4e600                Options.paranoid_file_checks: 0
2022/03/14-20:24:43.160243 115b4e600                Options.force_consistency_checks: 1
2022/03/14-20:24:43.160245 115b4e600                Options.report_bg_io_stats: 0
2022/03/14-20:24:43.160246 115b4e600                               Options.ttl: 2592000
2022/03/14-20:24:43.160247 115b4e600          Options.periodic_compaction_seconds: 0
2022/03/14-20:24:43.160249 115b4e600                    Options.enable_blob_files: false
2022/03/14-20:24:43.160250 115b4e600                        Options.min_blob_size: 0
2022/03/14-20:24:43.160252 115b4e600                       Options.blob_file_size: 268435456
2022/03/14-20:24:43.160253 115b4e600                Options.blob_compression_type: NoCompression
2022/03/14-20:24:43.160255 115b4e600       Options.enable_blob_garbage_collection: false
2022/03/14-20:24:43.160256 115b4e600   Options.blob_garbage_collection_age_cutoff: 0.250000
2022/03/14-20:24:43.160328 115b4e600 [db/column_family.cc:597] --------------- Options for column family [meta]:
2022/03/14-20:24:43.160333 115b4e600               Options.comparator: leveldb.BytewiseComparator
2022/03/14-20:24:43.160334 115b4e600           Options.merge_operator: None
2022/03/14-20:24:43.160336 115b4e600        Options.compaction_filter: None
2022/03/14-20:24:43.160338 115b4e600        Options.compaction_filter_factory: purged_slot_filter_factory(meta)
2022/03/14-20:24:43.160340 115b4e600  Options.sst_partitioner_factory: None
2022/03/14-20:24:43.160342 115b4e600         Options.memtable_factory: SkipListFactory
2022/03/14-20:24:43.160343 115b4e600            Options.table_factory: BlockBasedTable
2022/03/14-20:24:43.160363 115b4e600            table_factory options:   flush_block_policy_factory: FlushBlockBySizePolicyFactory (0x600000e84420)
  cache_index_and_filter_blocks: 0
  cache_index_and_filter_blocks_with_high_priority: 1
  pin_l0_filter_and_index_blocks_in_cache: 0
  pin_top_level_index_and_filter: 1
  index_type: 0
  data_block_index_type: 0
  index_shortening: 1
  data_block_hash_table_util_ratio: 0.750000
  hash_index_allow_collision: 1
  checksum: 1
  no_block_cache: 0
  block_cache: 0x600003d80b58
  block_cache_name: LRUCache
  block_cache_options:
    capacity : 8388608
    num_shard_bits : 4
    strict_capacity_limit : 0
    memory_allocator : None
    high_pri_pool_ratio: 0.000
  block_cache_compressed: 0x0
  persistent_cache: 0x0
  block_size: 4096
  block_size_deviation: 10
  block_restart_interval: 16
  index_block_restart_interval: 1
  metadata_block_size: 4096
  partition_filters: 0
  use_delta_encoding: 1
  filter_policy: nullptr
  whole_key_filtering: 1
  verify_compression: 0
  read_amp_bytes_per_bit: 0
  format_version: 4
  enable_index_compression: 1
  block_align: 0
2022/03/14-20:24:43.160369 115b4e600        Options.write_buffer_size: 268435456
2022/03/14-20:24:43.160371 115b4e600  Options.max_write_buffer_number: 8
2022/03/14-20:24:43.160372 115b4e600          Options.compression: NoCompression
2022/03/14-20:24:43.160374 115b4e600                  Options.bottommost_compression: Disabled
2022/03/14-20:24:43.160375 115b4e600       Options.prefix_extractor: nullptr
2022/03/14-20:24:43.160377 115b4e600   Options.memtable_insert_with_hint_prefix_extractor: nullptr
2022/03/14-20:24:43.160378 115b4e600             Options.num_levels: 7
2022/03/14-20:24:43.160380 115b4e600        Options.min_write_buffer_number_to_merge: 1
2022/03/14-20:24:43.160381 115b4e600     Options.max_write_buffer_number_to_maintain: 0
2022/03/14-20:24:43.160383 115b4e600     Options.max_write_buffer_size_to_maintain: 0
2022/03/14-20:24:43.160384 115b4e600            Options.bottommost_compression_opts.window_bits: -14
2022/03/14-20:24:43.160386 115b4e600                  Options.bottommost_compression_opts.level: 32767
2022/03/14-20:24:43.160388 115b4e600               Options.bottommost_compression_opts.strategy: 0
2022/03/14-20:24:43.160423 115b4e600         Options.bottommost_compression_opts.max_dict_bytes: 0
2022/03/14-20:24:43.160426 115b4e600         Options.bottommost_compression_opts.zstd_max_train_bytes: 0
2022/03/14-20:24:43.160427 115b4e600         Options.bottommost_compression_opts.parallel_threads: 1
2022/03/14-20:24:43.160429 115b4e600                  Options.bottommost_compression_opts.enabled: false
2022/03/14-20:24:43.160430 115b4e600            Options.compression_opts.window_bits: -14
2022/03/14-20:24:43.160432 115b4e600                  Options.compression_opts.level: 32767
2022/03/14-20:24:43.160433 115b4e600               Options.compression_opts.strategy: 0
2022/03/14-20:24:43.160435 115b4e600         Options.compression_opts.max_dict_bytes: 0
2022/03/14-20:24:43.160436 115b4e600         Options.compression_opts.zstd_max_train_bytes: 0
2022/03/14-20:24:43.160438 115b4e600         Options.compression_opts.parallel_threads: 1
2022/03/14-20:24:43.160439 115b4e600                  Options.compression_opts.enabled: false
2022/03/14-20:24:43.160441 115b4e600      Options.level0_file_num_compaction_trigger: 4
2022/03/14-20:24:43.160442 115b4e600          Options.level0_slowdown_writes_trigger: 20
2022/03/14-20:24:43.160444 115b4e600              Options.level0_stop_writes_trigger: 36
2022/03/14-20:24:43.160446 115b4e600                   Options.target_file_size_base: 107374182
2022/03/14-20:24:43.160448 115b4e600             Options.target_file_size_multiplier: 1
2022/03/14-20:24:43.160449 115b4e600                Options.max_bytes_for_level_base: 1073741824
2022/03/14-20:24:43.160451 115b4e600 Options.level_compaction_dynamic_level_bytes: 0
2022/03/14-20:24:43.160452 115b4e600          Options.max_bytes_for_level_multiplier: 10.000000
2022/03/14-20:24:43.160455 115b4e600 Options.max_bytes_for_level_multiplier_addtl[0]: 1
2022/03/14-20:24:43.160457 115b4e600 Options.max_bytes_for_level_multiplier_addtl[1]: 1
2022/03/14-20:24:43.160459 115b4e600 Options.max_bytes_for_level_multiplier_addtl[2]: 1
2022/03/14-20:24:43.160460 115b4e600 Options.max_bytes_for_level_multiplier_addtl[3]: 1
2022/03/14-20:24:43.160462 115b4e600 Options.max_bytes_for_level_multiplier_addtl[4]: 1
2022/03/14-20:24:43.160463 115b4e600 Options.max_bytes_for_level_multiplier_addtl[5]: 1
2022/03/14-20:24:43.160465 115b4e600 Options.max_bytes_for_level_multiplier_addtl[6]: 1
2022/03/14-20:24:43.160466 115b4e600       Options.max_sequential_skip_in_iterations: 8
2022/03/14-20:24:43.160468 115b4e600                    Options.max_compaction_bytes: 2684354550
2022/03/14-20:24:43.160469 115b4e600                        Options.arena_block_size: 33554432
2022/03/14-20:24:43.160471 115b4e600   Options.soft_pending_compaction_bytes_limit: 68719476736
2022/03/14-20:24:43.160472 115b4e600   Options.hard_pending_compaction_bytes_limit: 274877906944
2022/03/14-20:24:43.160474 115b4e600       Options.rate_limit_delay_max_milliseconds: 100
2022/03/14-20:24:43.160476 115b4e600                Options.disable_auto_compactions: 0
2022/03/14-20:24:43.160477 115b4e600                        Options.compaction_style: kCompactionStyleLevel
2022/03/14-20:24:43.160479 115b4e600                          Options.compaction_pri: kMinOverlappingRatio
2022/03/14-20:24:43.160481 115b4e600 Options.compaction_options_universal.size_ratio: 1
2022/03/14-20:24:43.160482 115b4e600 Options.compaction_options_universal.min_merge_width: 2
2022/03/14-20:24:43.160484 115b4e600 Options.compaction_options_universal.max_merge_width: 4294967295
2022/03/14-20:24:43.160485 115b4e600 Options.compaction_options_universal.max_size_amplification_percent: 200
2022/03/14-20:24:43.160487 115b4e600 Options.compaction_options_universal.compression_size_percent: -1
2022/03/14-20:24:43.160490 115b4e600 Options.compaction_options_universal.stop_style: kCompactionStopStyleTotalSize
2022/03/14-20:24:43.160491 115b4e600 Options.compaction_options_fifo.max_table_files_size: 1073741824
2022/03/14-20:24:43.160493 115b4e600 Options.compaction_options_fifo.allow_compaction: 0
2022/03/14-20:24:43.160521 115b4e600                   Options.table_properties_collectors: 
2022/03/14-20:24:43.160525 115b4e600                   Options.inplace_update_support: 0
2022/03/14-20:24:43.160527 115b4e600                 Options.inplace_update_num_locks: 10000
2022/03/14-20:24:43.160528 115b4e600               Options.memtable_prefix_bloom_size_ratio: 0.000000
2022/03/14-20:24:43.160531 115b4e600               Options.memtable_whole_key_filtering: 0
2022/03/14-20:24:43.160532 115b4e600   Options.memtable_huge_page_size: 0
2022/03/14-20:24:43.160534 115b4e600                           Options.bloom_locality: 0
2022/03/14-20:24:43.160536 115b4e600                    Options.max_successive_merges: 0
2022/03/14-20:24:43.160537 115b4e600                Options.optimize_filters_for_hits: 0
2022/03/14-20:24:43.160539 115b4e600                Options.paranoid_file_checks: 0
2022/03/14-20:24:43.160541 115b4e600                Options.force_consistency_checks: 1
2022/03/14-20:24:43.160543 115b4e600                Options.report_bg_io_stats: 0
2022/03/14-20:24:43.160545 115b4e600                               Options.ttl: 2592000
2022/03/14-20:24:43.160547 115b4e600          Options.periodic_compaction_seconds: 2592000
2022/03/14-20:24:43.160548 115b4e600                    Options.enable_blob_files: false
2022/03/14-20:24:43.160551 115b4e600                        Options.min_blob_size: 0
2022/03/14-20:24:43.160552 115b4e600                       Options.blob_file_size: 268435456
2022/03/14-20:24:43.160554 115b4e600                Options.blob_compression_type: NoCompression
2022/03/14-20:24:43.160556 115b4e600       Options.enable_blob_garbage_collection: false
2022/03/14-20:24:43.160557 115b4e600   Options.blob_garbage_collection_age_cutoff: 0.250000
2022/03/14-20:24:43.160614 115b4e600 [db/column_family.cc:597] --------------- Options for column family [dead_slots]:
2022/03/14-20:24:43.160619 115b4e600               Options.comparator: leveldb.BytewiseComparator
2022/03/14-20:24:43.160620 115b4e600           Options.merge_operator: None
2022/03/14-20:24:43.160622 115b4e600        Options.compaction_filter: None
2022/03/14-20:24:43.160627 115b4e600        Options.compaction_filter_factory: purged_slot_filter_factory(dead_slots)
2022/03/14-20:24:43.160636 115b4e600  Options.sst_partitioner_factory: None
2022/03/14-20:24:43.160637 115b4e600         Options.memtable_factory: SkipListFactory
2022/03/14-20:24:43.160639 115b4e600            Options.table_factory: BlockBasedTable
2022/03/14-20:24:43.160665 115b4e600            table_factory options:   flush_block_policy_factory: FlushBlockBySizePolicyFactory (0x600000e84930)
  cache_index_and_filter_blocks: 0
  cache_index_and_filter_blocks_with_high_priority: 1
  pin_l0_filter_and_index_blocks_in_cache: 0
  pin_top_level_index_and_filter: 1
  index_type: 0
  data_block_index_type: 0
  index_shortening: 1
  data_block_hash_table_util_ratio: 0.750000
  hash_index_allow_collision: 1
  checksum: 1
  no_block_cache: 0
  block_cache: 0x600003d80c98
  block_cache_name: LRUCache
  block_cache_options:
    capacity : 8388608
    num_shard_bits : 4
    strict_capacity_limit : 0
    memory_allocator : None
    high_pri_pool_ratio: 0.000
  block_cache_compressed: 0x0
  persistent_cache: 0x0
  block_size: 4096
  block_size_deviation: 10
  block_restart_interval: 16
  index_block_restart_interval: 1
  metadata_block_size: 4096
  partition_filters: 0
  use_delta_encoding: 1
  filter_policy: nullptr
  whole_key_filtering: 1
  verify_compression: 0
  read_amp_bytes_per_bit: 0
  format_version: 4
  enable_index_compression: 1
  block_align: 0
2022/03/14-20:24:43.160671 115b4e600        Options.write_buffer_size: 268435456
2022/03/14-20:24:43.160674 115b4e600  Options.max_write_buffer_number: 8
2022/03/14-20:24:43.160675 115b4e600          Options.compression: NoCompression
2022/03/14-20:24:43.160677 115b4e600                  Options.bottommost_compression: Disabled
2022/03/14-20:24:43.160679 115b4e600       Options.prefix_extractor: nullptr
2022/03/14-20:24:43.160680 115b4e600   Options.memtable_insert_with_hint_prefix_extractor: nullptr
2022/03/14-20:24:43.160718 115b4e600             Options.num_levels: 7
2022/03/14-20:24:43.160720 115b4e600        Options.min_write_buffer_number_to_merge: 1
2022/03/14-20:24:43.160722 115b4e600     Options.max_write_buffer_number_to_maintain: 0
2022/03/14-20:24:43.160723 115b4e600     Options.max_write_buffer_size_to_maintain: 0
2022/03/14-20:24:43.160725 115b4e600            Options.bottommost_compression_opts.window_bits: -14
2022/03/14-20:24:43.160727 115b4e600                  Options.bottommost_compression_opts.level: 32767
2022/03/14-20:24:43.160728 115b4e600               Options.bottommost_compression_opts.strategy: 0
2022/03/14-20:24:43.160730 115b4e600         Options.bottommost_compression_opts.max_dict_bytes: 0
2022/03/14-20:24:43.160731 115b4e600         Options.bottommost_compression_opts.zstd_max_train_bytes: 0
2022/03/14-20:24:43.160733 115b4e600         Options.bottommost_compression_opts.parallel_threads: 1
2022/03/14-20:24:43.160734 115b4e600                  Options.bottommost_compression_opts.enabled: false
2022/03/14-20:24:43.160736 115b4e600            Options.compression_opts.window_bits: -14
2022/03/14-20:24:43.160738 115b4e600                  Options.compression_opts.level: 32767
2022/03/14-20:24:43.160739 115b4e600               Options.compression_opts.strategy: 0
2022/03/14-20:24:43.160740 115b4e600         Options.compression_opts.max_dict_bytes: 0
2022/03/14-20:24:43.160742 115b4e600         Options.compression_opts.zstd_max_train_bytes: 0
2022/03/14-20:24:43.160743 115b4e600         Options.compression_opts.parallel_threads: 1
2022/03/14-20:24:43.160745 115b4e600                  Options.compression_opts.enabled: false
2022/03/14-20:24:43.160746 115b4e600      Options.level0_file_num_compaction_trigger: 4
2022/03/14-20:24:43.160748 115b4e600          Options.level0_slowdown_writes_trigger: 20
2022/03/14-20:24:43.160749 115b4e600              Options.level0_stop_writes_trigger: 36
2022/03/14-20:24:43.160751 115b4e600                   Options.target_file_size_base: 107374182
2022/03/14-20:24:43.160752 115b4e600             Options.target_file_size_multiplier: 1
2022/03/14-20:24:43.160754 115b4e600                Options.max_bytes_for_level_base: 1073741824
2022/03/14-20:24:43.160755 115b4e600 Options.level_compaction_dynamic_level_bytes: 0
2022/03/14-20:24:43.160757 115b4e600          Options.max_bytes_for_level_multiplier: 10.000000
2022/03/14-20:24:43.160759 115b4e600 Options.max_bytes_for_level_multiplier_addtl[0]: 1
2022/03/14-20:24:43.160761 115b4e600 Options.max_bytes_for_level_multiplier_addtl[1]: 1
2022/03/14-20:24:43.160763 115b4e600 Options.max_bytes_for_level_multiplier_addtl[2]: 1
2022/03/14-20:24:43.160764 115b4e600 Options.max_bytes_for_level_multiplier_addtl[3]: 1
2022/03/14-20:24:43.160766 115b4e600 Options.max_bytes_for_level_multiplier_addtl[4]: 1
2022/03/14-20:24:43.160767 115b4e600 Options.max_bytes_for_level_multiplier_addtl[5]: 1
2022/03/14-20:24:43.160769 115b4e600 Options.max_bytes_for_level_multiplier_addtl[6]: 1
2022/03/14-20:24:43.160770 115b4e600       Options.max_sequential_skip_in_iterations: 8
2022/03/14-20:24:43.160772 115b4e600                    Options.max_compaction_bytes: 2684354550
2022/03/14-20:24:43.160773 115b4e600                        Options.arena_block_size: 33554432
2022/03/14-20:24:43.160775 115b4e600   Options.soft_pending_compaction_bytes_limit: 68719476736
2022/03/14-20:24:43.160777 115b4e600   Options.hard_pending_compaction_bytes_limit: 274877906944
2022/03/14-20:24:43.160779 115b4e600       Options.rate_limit_delay_max_milliseconds: 100
2022/03/14-20:24:43.160780 115b4e600                Options.disable_auto_compactions: 0
2022/03/14-20:24:43.160782 115b4e600                        Options.compaction_style: kCompactionStyleLevel
2022/03/14-20:24:43.160784 115b4e600                          Options.compaction_pri: kMinOverlappingRatio
2022/03/14-20:24:43.160785 115b4e600 Options.compaction_options_universal.size_ratio: 1
2022/03/14-20:24:43.160787 115b4e600 Options.compaction_options_universal.min_merge_width: 2
2022/03/14-20:24:43.160833 115b4e600 Options.compaction_options_universal.max_merge_width: 4294967295
2022/03/14-20:24:43.160838 115b4e600 Options.compaction_options_universal.max_size_amplification_percent: 200
2022/03/14-20:24:43.160840 115b4e600 Options.compaction_options_universal.compression_size_percent: -1
2022/03/14-20:24:43.160843 115b4e600 Options.compaction_options_universal.stop_style: kCompactionStopStyleTotalSize
2022/03/14-20:24:43.160845 115b4e600 Options.compaction_options_fifo.max_table_files_size: 1073741824
2022/03/14-20:24:43.160847 115b4e600 Options.compaction_options_fifo.allow_compaction: 0
2022/03/14-20:24:43.160850 115b4e600                   Options.table_properties_collectors: 
2022/03/14-20:24:43.160853 115b4e600                   Options.inplace_update_support: 0
2022/03/14-20:24:43.160855 115b4e600                 Options.inplace_update_num_locks: 10000
2022/03/14-20:24:43.160857 115b4e600               Options.memtable_prefix_bloom_size_ratio: 0.000000
2022/03/14-20:24:43.160860 115b4e600               Options.memtable_whole_key_filtering: 0
2022/03/14-20:24:43.160863 115b4e600   Options.memtable_huge_page_size: 0
2022/03/14-20:24:43.160865 115b4e600                           Options.bloom_locality: 0
2022/03/14-20:24:43.160867 115b4e600                    Options.max_successive_merges: 0
2022/03/14-20:24:43.160870 115b4e600                Options.optimize_filters_for_hits: 0
2022/03/14-20:24:43.160873 115b4e600                Options.paranoid_file_checks: 0
2022/03/14-20:24:43.160875 115b4e600                Options.force_consistency_checks: 1
2022/03/14-20:24:43.160877 115b4e600                Options.report_bg_io_stats: 0
2022/03/14-20:24:43.160880 115b4e600                               Options.ttl: 2592000
2022/03/14-20:24:43.160881 115b4e600          Options.periodic_compaction_seconds: 2592000
2022/03/14-20:24:43.160884 115b4e600                    Options.enable_blob_files: false
2022/03/14-20:24:43.160889 115b4e600                        Options.min_blob_size: 0
2022/03/14-20:24:43.160892 115b4e600                       Options.blob_file_size: 268435456
2022/03/14-20:24:43.160893 115b4e600                Options.blob_compression_type: NoCompression
2022/03/14-20:24:43.160895 115b4e600       Options.enable_blob_garbage_collection: false
2022/03/14-20:24:43.160897 115b4e600   Options.blob_garbage_collection_age_cutoff: 0.250000
2022/03/14-20:24:43.160984 115b4e600 [db/column_family.cc:597] --------------- Options for column family [duplicate_slots]:
2022/03/14-20:24:43.160993 115b4e600               Options.comparator: leveldb.BytewiseComparator
2022/03/14-20:24:43.160996 115b4e600           Options.merge_operator: None
2022/03/14-20:24:43.160998 115b4e600        Options.compaction_filter: None
2022/03/14-20:24:43.161000 115b4e600        Options.compaction_filter_factory: purged_slot_filter_factory(duplicate_slots)
2022/03/14-20:24:43.161003 115b4e600  Options.sst_partitioner_factory: None
2022/03/14-20:24:43.161005 115b4e600         Options.memtable_factory: SkipListFactory
2022/03/14-20:24:43.161007 115b4e600            Options.table_factory: BlockBasedTable
2022/03/14-20:24:43.161036 115b4e600            table_factory options:   flush_block_policy_factory: FlushBlockBySizePolicyFactory (0x600000e84450)
  cache_index_and_filter_blocks: 0
  cache_index_and_filter_blocks_with_high_priority: 1
  pin_l0_filter_and_index_blocks_in_cache: 0
  pin_top_level_index_and_filter: 1
  index_type: 0
  data_block_index_type: 0
  index_shortening: 1
  data_block_hash_table_util_ratio: 0.750000
  hash_index_allow_collision: 1
  checksum: 1
  no_block_cache: 0
  block_cache: 0x600003d80d38
  block_cache_name: LRUCache
  block_cache_options:
    capacity : 8388608
    num_shard_bits : 4
    strict_capacity_limit : 0
    memory_allocator : None
    high_pri_pool_ratio: 0.000
  block_cache_compressed: 0x0
  persistent_cache: 0x0
  block_size: 4096
  block_size_deviation: 10
  block_restart_interval: 16
  index_block_restart_interval: 1
  metadata_block_size: 4096
  partition_filters: 0
  use_delta_encoding: 1
  filter_policy: nullptr
  whole_key_filtering: 1
  verify_compression: 0
  read_amp_bytes_per_bit: 0
  format_version: 4
  enable_index_compression: 1
  block_align: 0
2022/03/14-20:24:43.161116 115b4e600        Options.write_buffer_size: 268435456
2022/03/14-20:24:43.161121 115b4e600  Options.max_write_buffer_number: 8
2022/03/14-20:24:43.161123 115b4e600          Options.compression: NoCompression
2022/03/14-20:24:43.161125 115b4e600                  Options.bottommost_compression: Disabled
2022/03/14-20:24:43.161127 115b4e600       Options.prefix_extractor: nullptr
2022/03/14-20:24:43.161129 115b4e600   Options.memtable_insert_with_hint_prefix_extractor: nullptr
2022/03/14-20:24:43.161132 115b4e600             Options.num_levels: 7
2022/03/14-20:24:43.161134 115b4e600        Options.min_write_buffer_number_to_merge: 1
2022/03/14-20:24:43.161137 115b4e600     Options.max_write_buffer_number_to_maintain: 0
2022/03/14-20:24:43.161139 115b4e600     Options.max_write_buffer_size_to_maintain: 0
2022/03/14-20:24:43.161141 115b4e600            Options.bottommost_compression_opts.window_bits: -14
2022/03/14-20:24:43.161144 115b4e600                  Options.bottommost_compression_opts.level: 32767
2022/03/14-20:24:43.161146 115b4e600               Options.bottommost_compression_opts.strategy: 0
2022/03/14-20:24:43.161149 115b4e600         Options.bottommost_compression_opts.max_dict_bytes: 0
2022/03/14-20:24:43.161180 115b4e600         Options.bottommost_compression_opts.zstd_max_train_bytes: 0
2022/03/14-20:24:43.161182 115b4e600         Options.bottommost_compression_opts.parallel_threads: 1
2022/03/14-20:24:43.161184 115b4e600                  Options.bottommost_compression_opts.enabled: false
2022/03/14-20:24:43.161185 115b4e600            Options.compression_opts.window_bits: -14
2022/03/14-20:24:43.161187 115b4e600                  Options.compression_opts.level: 32767
2022/03/14-20:24:43.161188 115b4e600               Options.compression_opts.strategy: 0
2022/03/14-20:24:43.161190 115b4e600         Options.compression_opts.max_dict_bytes: 0
2022/03/14-20:24:43.161191 115b4e600         Options.compression_opts.zstd_max_train_bytes: 0
2022/03/14-20:24:43.161193 115b4e600         Options.compression_opts.parallel_threads: 1
2022/03/14-20:24:43.161194 115b4e600                  Options.compression_opts.enabled: false
2022/03/14-20:24:43.161195 115b4e600      Options.level0_file_num_compaction_trigger: 4
2022/03/14-20:24:43.161197 115b4e600          Options.level0_slowdown_writes_trigger: 20
2022/03/14-20:24:43.161198 115b4e600              Options.level0_stop_writes_trigger: 36
2022/03/14-20:24:43.161200 115b4e600                   Options.target_file_size_base: 107374182
2022/03/14-20:24:43.161201 115b4e600             Options.target_file_size_multiplier: 1
2022/03/14-20:24:43.161203 115b4e600                Options.max_bytes_for_level_base: 1073741824
2022/03/14-20:24:43.161204 115b4e600 Options.level_compaction_dynamic_level_bytes: 0
