2022/03/14-20:24:41.919924 115b4e600 RocksDB version: 6.17.3
2022/03/14-20:24:41.921111 115b4e600 Git sha rocksdb_build_git_sha:@09c7e96eac1ab983f97ce9e0406730b8014b3398@
2022/03/14-20:24:41.921122 115b4e600 Compile date Mar 13 2022
2022/03/14-20:24:41.921171 115b4e600 DB SUMMARY
2022/03/14-20:24:41.921176 115b4e600 DB Session ID:  0Z9TUXZ8XX7QHE4TJQCA
2022/03/14-20:24:41.921275 115b4e600 SST files in test-ledger/rocksdb dir, Total Num: 0, files: 
2022/03/14-20:24:41.921280 115b4e600 Write Ahead Log file in test-ledger/rocksdb: 
2022/03/14-20:24:41.921283 115b4e600                         Options.error_if_exists: 0
2022/03/14-20:24:41.921286 115b4e600                       Options.create_if_missing: 1
2022/03/14-20:24:41.921288 115b4e600                         Options.paranoid_checks: 1
2022/03/14-20:24:41.921291 115b4e600                               Options.track_and_verify_wals_in_manifest: 0
2022/03/14-20:24:41.921293 115b4e600                                     Options.env: 0x10a4ca758
2022/03/14-20:24:41.921295 115b4e600                                      Options.fs: Posix File System
2022/03/14-20:24:41.921297 115b4e600                                Options.info_log: 0x600002f8c280
2022/03/14-20:24:41.921299 115b4e600                Options.max_file_opening_threads: 16
2022/03/14-20:24:41.921301 115b4e600                              Options.statistics: 0x0
2022/03/14-20:24:41.921303 115b4e600                               Options.use_fsync: 0
2022/03/14-20:24:41.921305 115b4e600                       Options.max_log_file_size: 0
2022/03/14-20:24:41.921307 115b4e600                  Options.max_manifest_file_size: 1073741824
2022/03/14-20:24:41.921309 115b4e600                   Options.log_file_time_to_roll: 0
2022/03/14-20:24:41.921311 115b4e600                       Options.keep_log_file_num: 1000
2022/03/14-20:24:41.921314 115b4e600                    Options.recycle_log_file_num: 0
2022/03/14-20:24:41.921316 115b4e600                         Options.allow_fallocate: 1
2022/03/14-20:24:41.921319 115b4e600                        Options.allow_mmap_reads: 0
2022/03/14-20:24:41.921321 115b4e600                       Options.allow_mmap_writes: 0
2022/03/14-20:24:41.921323 115b4e600                        Options.use_direct_reads: 0
2022/03/14-20:24:41.921325 115b4e600                        Options.use_direct_io_for_flush_and_compaction: 0
2022/03/14-20:24:41.921328 115b4e600          Options.create_missing_column_families: 1
2022/03/14-20:24:41.921330 115b4e600                              Options.db_log_dir: 
2022/03/14-20:24:41.921333 115b4e600                                 Options.wal_dir: test-ledger/rocksdb
2022/03/14-20:24:41.921335 115b4e600                Options.table_cache_numshardbits: 6
2022/03/14-20:24:41.921337 115b4e600                         Options.WAL_ttl_seconds: 0
2022/03/14-20:24:41.921340 115b4e600                       Options.WAL_size_limit_MB: 0
2022/03/14-20:24:41.921342 115b4e600                        Options.max_write_batch_group_size_bytes: 1048576
2022/03/14-20:24:41.921345 115b4e600             Options.manifest_preallocation_size: 4194304
2022/03/14-20:24:41.921347 115b4e600                     Options.is_fd_close_on_exec: 1
2022/03/14-20:24:41.921350 115b4e600                   Options.advise_random_on_open: 1
2022/03/14-20:24:41.921352 115b4e600                    Options.db_write_buffer_size: 0
2022/03/14-20:24:41.921354 115b4e600                    Options.write_buffer_manager: 0x600000289d10
2022/03/14-20:24:41.921356 115b4e600         Options.access_hint_on_compaction_start: 1
2022/03/14-20:24:41.921358 115b4e600  Options.new_table_reader_for_compaction_inputs: 0
2022/03/14-20:24:41.921359 115b4e600           Options.random_access_max_buffer_size: 1048576
2022/03/14-20:24:41.921361 115b4e600                      Options.use_adaptive_mutex: 0
2022/03/14-20:24:41.921363 115b4e600                            Options.rate_limiter: 0x0
2022/03/14-20:24:41.921370 115b4e600     Options.sst_file_manager.rate_bytes_per_sec: 0
2022/03/14-20:24:41.921372 115b4e600                       Options.wal_recovery_mode: 2
2022/03/14-20:24:41.921374 115b4e600                  Options.enable_thread_tracking: 0
2022/03/14-20:24:41.921427 115b4e600                  Options.enable_pipelined_write: 0
2022/03/14-20:24:41.921431 115b4e600                  Options.unordered_write: 0
2022/03/14-20:24:41.921433 115b4e600         Options.allow_concurrent_memtable_write: 1
2022/03/14-20:24:41.921435 115b4e600      Options.enable_write_thread_adaptive_yield: 1
2022/03/14-20:24:41.921436 115b4e600             Options.write_thread_max_yield_usec: 100
2022/03/14-20:24:41.921438 115b4e600            Options.write_thread_slow_yield_usec: 3
2022/03/14-20:24:41.921440 115b4e600                               Options.row_cache: None
2022/03/14-20:24:41.921442 115b4e600                              Options.wal_filter: None
2022/03/14-20:24:41.921444 115b4e600             Options.avoid_flush_during_recovery: 0
2022/03/14-20:24:41.921446 115b4e600             Options.allow_ingest_behind: 0
2022/03/14-20:24:41.921447 115b4e600             Options.preserve_deletes: 0
2022/03/14-20:24:41.921449 115b4e600             Options.two_write_queues: 0
2022/03/14-20:24:41.921451 115b4e600             Options.manual_wal_flush: 0
2022/03/14-20:24:41.921453 115b4e600             Options.atomic_flush: 0
2022/03/14-20:24:41.921454 115b4e600             Options.avoid_unnecessary_blocking_io: 0
2022/03/14-20:24:41.921456 115b4e600                 Options.persist_stats_to_disk: 0
2022/03/14-20:24:41.921458 115b4e600                 Options.write_dbid_to_manifest: 0
2022/03/14-20:24:41.921460 115b4e600                 Options.log_readahead_size: 0
2022/03/14-20:24:41.921462 115b4e600                 Options.file_checksum_gen_factory: Unknown
2022/03/14-20:24:41.921464 115b4e600                 Options.best_efforts_recovery: 0
2022/03/14-20:24:41.921466 115b4e600                Options.max_bgerror_resume_count: 2147483647
2022/03/14-20:24:41.921468 115b4e600            Options.bgerror_resume_retry_interval: 1000000
2022/03/14-20:24:41.921470 115b4e600             Options.allow_data_in_errors: 0
2022/03/14-20:24:41.921471 115b4e600             Options.db_host_id: __hostname__
2022/03/14-20:24:41.921474 115b4e600             Options.max_background_jobs: 4
2022/03/14-20:24:41.921475 115b4e600             Options.max_background_compactions: -1
2022/03/14-20:24:41.921477 115b4e600             Options.max_subcompactions: 1
2022/03/14-20:24:41.921479 115b4e600             Options.avoid_flush_during_shutdown: 0
2022/03/14-20:24:41.921481 115b4e600           Options.writable_file_max_buffer_size: 1048576
2022/03/14-20:24:41.921483 115b4e600             Options.delayed_write_rate : 16777216
2022/03/14-20:24:41.921485 115b4e600             Options.max_total_wal_size: 4294967296
2022/03/14-20:24:41.921487 115b4e600             Options.delete_obsolete_files_period_micros: 21600000000
2022/03/14-20:24:41.921490 115b4e600                   Options.stats_dump_period_sec: 600
2022/03/14-20:24:41.921492 115b4e600                 Options.stats_persist_period_sec: 600
2022/03/14-20:24:41.921494 115b4e600                 Options.stats_history_buffer_size: 1048576
2022/03/14-20:24:41.921496 115b4e600                          Options.max_open_files: -1
2022/03/14-20:24:41.921498 115b4e600                          Options.bytes_per_sync: 0
2022/03/14-20:24:41.921500 115b4e600                      Options.wal_bytes_per_sync: 0
2022/03/14-20:24:41.921501 115b4e600                   Options.strict_bytes_per_sync: 0
2022/03/14-20:24:41.921503 115b4e600       Options.compaction_readahead_size: 0
2022/03/14-20:24:41.921505 115b4e600                  Options.max_background_flushes: -1
2022/03/14-20:24:41.921508 115b4e600 Compression algorithms supported:
2022/03/14-20:24:41.921510 115b4e600 	kZSTD supported: 0
2022/03/14-20:24:41.921512 115b4e600 	kZlibCompression supported: 0
2022/03/14-20:24:41.921514 115b4e600 	kXpressCompression supported: 0
2022/03/14-20:24:41.921517 115b4e600 	kSnappyCompression supported: 0
2022/03/14-20:24:41.921519 115b4e600 	kZSTDNotFinalCompression supported: 0
2022/03/14-20:24:41.921521 115b4e600 	kLZ4HCCompression supported: 1
2022/03/14-20:24:41.921576 115b4e600 	kLZ4Compression supported: 1
2022/03/14-20:24:41.921583 115b4e600 	kBZip2Compression supported: 0
2022/03/14-20:24:41.921624 115b4e600 Fast CRC32 supported: Supported on x86
2022/03/14-20:24:41.922818 115b4e600 [db/db_impl/db_impl_open.cc:283] Creating manifest 1 
2022/03/14-20:24:41.924583 115b4e600 [db/version_set.cc:4757] Recovering from manifest file: test-ledger/rocksdb/MANIFEST-000001
2022/03/14-20:24:41.924729 115b4e600 [db/column_family.cc:597] --------------- Options for column family [default]:
2022/03/14-20:24:41.924740 115b4e600               Options.comparator: leveldb.BytewiseComparator
2022/03/14-20:24:41.924743 115b4e600           Options.merge_operator: None
2022/03/14-20:24:41.924745 115b4e600        Options.compaction_filter: None
2022/03/14-20:24:41.924747 115b4e600        Options.compaction_filter_factory: None
2022/03/14-20:24:41.924748 115b4e600  Options.sst_partitioner_factory: None
2022/03/14-20:24:41.924750 115b4e600         Options.memtable_factory: SkipListFactory
2022/03/14-20:24:41.924752 115b4e600            Options.table_factory: BlockBasedTable
2022/03/14-20:24:41.924783 115b4e600            table_factory options:   flush_block_policy_factory: FlushBlockBySizePolicyFactory (0x600000e8c8a0)
  cache_index_and_filter_blocks: 0
  cache_index_and_filter_blocks_with_high_priority: 1
  pin_l0_filter_and_index_blocks_in_cache: 0
  pin_top_level_index_and_filter: 1
  index_type: 0
  data_block_index_type: 0
  index_shortening: 1
  data_block_hash_table_util_ratio: 0.750000
  hash_index_allow_collision: 1
  checksum: 1
  no_block_cache: 0
  block_cache: 0x600003d8cf18
  block_cache_name: LRUCache
  block_cache_options:
    capacity : 8388608
    num_shard_bits : 4
    strict_capacity_limit : 0
    memory_allocator : None
    high_pri_pool_ratio: 0.000
  block_cache_compressed: 0x0
  persistent_cache: 0x0
  block_size: 4096
  block_size_deviation: 10
  block_restart_interval: 16
  index_block_restart_interval: 1
  metadata_block_size: 4096
  partition_filters: 0
  use_delta_encoding: 1
  filter_policy: nullptr
  whole_key_filtering: 1
  verify_compression: 0
  read_amp_bytes_per_bit: 0
  format_version: 4
  enable_index_compression: 1
  block_align: 0
2022/03/14-20:24:41.924789 115b4e600        Options.write_buffer_size: 67108864
2022/03/14-20:24:41.924792 115b4e600  Options.max_write_buffer_number: 2
2022/03/14-20:24:41.924794 115b4e600          Options.compression: NoCompression
2022/03/14-20:24:41.924796 115b4e600                  Options.bottommost_compression: Disabled
2022/03/14-20:24:41.924798 115b4e600       Options.prefix_extractor: nullptr
2022/03/14-20:24:41.924800 115b4e600   Options.memtable_insert_with_hint_prefix_extractor: nullptr
2022/03/14-20:24:41.924802 115b4e600             Options.num_levels: 7
2022/03/14-20:24:41.924804 115b4e600        Options.min_write_buffer_number_to_merge: 1
2022/03/14-20:24:41.924806 115b4e600     Options.max_write_buffer_number_to_maintain: 0
2022/03/14-20:24:41.924809 115b4e600     Options.max_write_buffer_size_to_maintain: 0
2022/03/14-20:24:41.924811 115b4e600            Options.bottommost_compression_opts.window_bits: -14
2022/03/14-20:24:41.924813 115b4e600                  Options.bottommost_compression_opts.level: 32767
2022/03/14-20:24:41.924815 115b4e600               Options.bottommost_compression_opts.strategy: 0
2022/03/14-20:24:41.924817 115b4e600         Options.bottommost_compression_opts.max_dict_bytes: 0
2022/03/14-20:24:41.924819 115b4e600         Options.bottommost_compression_opts.zstd_max_train_bytes: 0
2022/03/14-20:24:41.924821 115b4e600         Options.bottommost_compression_opts.parallel_threads: 1
2022/03/14-20:24:41.924850 115b4e600                  Options.bottommost_compression_opts.enabled: false
2022/03/14-20:24:41.924855 115b4e600            Options.compression_opts.window_bits: -14
2022/03/14-20:24:41.924879 115b4e600                  Options.compression_opts.level: 32767
2022/03/14-20:24:41.924883 115b4e600               Options.compression_opts.strategy: 0
2022/03/14-20:24:41.924885 115b4e600         Options.compression_opts.max_dict_bytes: 0
2022/03/14-20:24:41.924947 115b4e600         Options.compression_opts.zstd_max_train_bytes: 0
2022/03/14-20:24:41.924951 115b4e600         Options.compression_opts.parallel_threads: 1
2022/03/14-20:24:41.924953 115b4e600                  Options.compression_opts.enabled: false
2022/03/14-20:24:41.924955 115b4e600      Options.level0_file_num_compaction_trigger: 4
2022/03/14-20:24:41.924957 115b4e600          Options.level0_slowdown_writes_trigger: 20
2022/03/14-20:24:41.924959 115b4e600              Options.level0_stop_writes_trigger: 36
2022/03/14-20:24:41.924961 115b4e600                   Options.target_file_size_base: 67108864
2022/03/14-20:24:41.924964 115b4e600             Options.target_file_size_multiplier: 1
2022/03/14-20:24:41.924966 115b4e600                Options.max_bytes_for_level_base: 268435456
2022/03/14-20:24:41.924968 115b4e600 Options.level_compaction_dynamic_level_bytes: 0
2022/03/14-20:24:41.924970 115b4e600          Options.max_bytes_for_level_multiplier: 10.000000
2022/03/14-20:24:41.924973 115b4e600 Options.max_bytes_for_level_multiplier_addtl[0]: 1
2022/03/14-20:24:41.924975 115b4e600 Options.max_bytes_for_level_multiplier_addtl[1]: 1
2022/03/14-20:24:41.924977 115b4e600 Options.max_bytes_for_level_multiplier_addtl[2]: 1
2022/03/14-20:24:41.924979 115b4e600 Options.max_bytes_for_level_multiplier_addtl[3]: 1
2022/03/14-20:24:41.924981 115b4e600 Options.max_bytes_for_level_multiplier_addtl[4]: 1
2022/03/14-20:24:41.924983 115b4e600 Options.max_bytes_for_level_multiplier_addtl[5]: 1
2022/03/14-20:24:41.924986 115b4e600 Options.max_bytes_for_level_multiplier_addtl[6]: 1
2022/03/14-20:24:41.924988 115b4e600       Options.max_sequential_skip_in_iterations: 8
2022/03/14-20:24:41.924990 115b4e600                    Options.max_compaction_bytes: 1677721600
2022/03/14-20:24:41.924992 115b4e600                        Options.arena_block_size: 8388608
2022/03/14-20:24:41.924994 115b4e600   Options.soft_pending_compaction_bytes_limit: 68719476736
2022/03/14-20:24:41.924996 115b4e600   Options.hard_pending_compaction_bytes_limit: 274877906944
2022/03/14-20:24:41.924999 115b4e600       Options.rate_limit_delay_max_milliseconds: 100
2022/03/14-20:24:41.925001 115b4e600                Options.disable_auto_compactions: 0
2022/03/14-20:24:41.925003 115b4e600                        Options.compaction_style: kCompactionStyleLevel
2022/03/14-20:24:41.925006 115b4e600                          Options.compaction_pri: kMinOverlappingRatio
2022/03/14-20:24:41.925008 115b4e600 Options.compaction_options_universal.size_ratio: 1
2022/03/14-20:24:41.925010 115b4e600 Options.compaction_options_universal.min_merge_width: 2
2022/03/14-20:24:41.925012 115b4e600 Options.compaction_options_universal.max_merge_width: 4294967295
2022/03/14-20:24:41.925014 115b4e600 Options.compaction_options_universal.max_size_amplification_percent: 200
2022/03/14-20:24:41.925017 115b4e600 Options.compaction_options_universal.compression_size_percent: -1
2022/03/14-20:24:41.925021 115b4e600 Options.compaction_options_universal.stop_style: kCompactionStopStyleTotalSize
2022/03/14-20:24:41.925023 115b4e600 Options.compaction_options_fifo.max_table_files_size: 1073741824
2022/03/14-20:24:41.925025 115b4e600 Options.compaction_options_fifo.allow_compaction: 0
2022/03/14-20:24:41.925028 115b4e600                   Options.table_properties_collectors: 
2022/03/14-20:24:41.925030 115b4e600                   Options.inplace_update_support: 0
2022/03/14-20:24:41.925032 115b4e600                 Options.inplace_update_num_locks: 10000
2022/03/14-20:24:41.925035 115b4e600               Options.memtable_prefix_bloom_size_ratio: 0.000000
2022/03/14-20:24:41.925037 115b4e600               Options.memtable_whole_key_filtering: 0
2022/03/14-20:24:41.925040 115b4e600   Options.memtable_huge_page_size: 0
2022/03/14-20:24:41.925042 115b4e600                           Options.bloom_locality: 0
2022/03/14-20:24:41.925044 115b4e600                    Options.max_successive_merges: 0
2022/03/14-20:24:41.925046 115b4e600                Options.optimize_filters_for_hits: 0
2022/03/14-20:24:41.925087 115b4e600                Options.paranoid_file_checks: 0
2022/03/14-20:24:41.925090 115b4e600                Options.force_consistency_checks: 1
2022/03/14-20:24:41.925092 115b4e600                Options.report_bg_io_stats: 0
2022/03/14-20:24:41.925095 115b4e600                               Options.ttl: 2592000
2022/03/14-20:24:41.925097 115b4e600          Options.periodic_compaction_seconds: 0
2022/03/14-20:24:41.925099 115b4e600                    Options.enable_blob_files: false
2022/03/14-20:24:41.925101 115b4e600                        Options.min_blob_size: 0
2022/03/14-20:24:41.925103 115b4e600                       Options.blob_file_size: 268435456
2022/03/14-20:24:41.925106 115b4e600                Options.blob_compression_type: NoCompression
2022/03/14-20:24:41.925108 115b4e600       Options.enable_blob_garbage_collection: false
2022/03/14-20:24:41.925110 115b4e600   Options.blob_garbage_collection_age_cutoff: 0.250000
2022/03/14-20:24:41.926403 115b4e600 [db/version_set.cc:4805] Recovered from manifest file:test-ledger/rocksdb/MANIFEST-000001 succeeded,manifest_file_number is 1, next_file_number is 3, last_sequence is 0, log_number is 0,prev_log_number is 0,max_column_family is 0,min_log_number_to_keep is 0
2022/03/14-20:24:41.926417 115b4e600 [db/version_set.cc:4814] Column family [default] (ID 0), log number is 0
2022/03/14-20:24:41.926677 115b4e600 [db/version_set.cc:4111] Creating manifest 3
2022/03/14-20:24:41.928215 115b4e600 [db/column_family.cc:597] --------------- Options for column family [meta]:
2022/03/14-20:24:41.928383 115b4e600               Options.comparator: leveldb.BytewiseComparator
2022/03/14-20:24:41.928388 115b4e600           Options.merge_operator: None
2022/03/14-20:24:41.928389 115b4e600        Options.compaction_filter: None
2022/03/14-20:24:41.928392 115b4e600        Options.compaction_filter_factory: purged_slot_filter_factory(meta)
2022/03/14-20:24:41.928393 115b4e600  Options.sst_partitioner_factory: None
2022/03/14-20:24:41.928395 115b4e600         Options.memtable_factory: SkipListFactory
2022/03/14-20:24:41.928396 115b4e600            Options.table_factory: BlockBasedTable
2022/03/14-20:24:41.928432 115b4e600            table_factory options:   flush_block_policy_factory: FlushBlockBySizePolicyFactory (0x600000e8c4c0)
  cache_index_and_filter_blocks: 0
  cache_index_and_filter_blocks_with_high_priority: 1
  pin_l0_filter_and_index_blocks_in_cache: 0
  pin_top_level_index_and_filter: 1
  index_type: 0
  data_block_index_type: 0
  index_shortening: 1
  data_block_hash_table_util_ratio: 0.750000
  hash_index_allow_collision: 1
  checksum: 1
  no_block_cache: 0
  block_cache: 0x600003d8c338
  block_cache_name: LRUCache
  block_cache_options:
    capacity : 8388608
    num_shard_bits : 4
    strict_capacity_limit : 0
    memory_allocator : None
    high_pri_pool_ratio: 0.000
  block_cache_compressed: 0x0
  persistent_cache: 0x0
  block_size: 4096
  block_size_deviation: 10
  block_restart_interval: 16
  index_block_restart_interval: 1
  metadata_block_size: 4096
  partition_filters: 0
  use_delta_encoding: 1
  filter_policy: nullptr
  whole_key_filtering: 1
  verify_compression: 0
  read_amp_bytes_per_bit: 0
  format_version: 4
  enable_index_compression: 1
  block_align: 0
2022/03/14-20:24:41.928438 115b4e600        Options.write_buffer_size: 268435456
2022/03/14-20:24:41.928440 115b4e600  Options.max_write_buffer_number: 8
2022/03/14-20:24:41.928442 115b4e600          Options.compression: NoCompression
2022/03/14-20:24:41.928443 115b4e600                  Options.bottommost_compression: Disabled
2022/03/14-20:24:41.928444 115b4e600       Options.prefix_extractor: nullptr
2022/03/14-20:24:41.928446 115b4e600   Options.memtable_insert_with_hint_prefix_extractor: nullptr
2022/03/14-20:24:41.928447 115b4e600             Options.num_levels: 7
2022/03/14-20:24:41.928448 115b4e600        Options.min_write_buffer_number_to_merge: 1
2022/03/14-20:24:41.928450 115b4e600     Options.max_write_buffer_number_to_maintain: 0
2022/03/14-20:24:41.928451 115b4e600     Options.max_write_buffer_size_to_maintain: 0
2022/03/14-20:24:41.928453 115b4e600            Options.bottommost_compression_opts.window_bits: -14
2022/03/14-20:24:41.928454 115b4e600                  Options.bottommost_compression_opts.level: 32767
2022/03/14-20:24:41.928455 115b4e600               Options.bottommost_compression_opts.strategy: 0
2022/03/14-20:24:41.928457 115b4e600         Options.bottommost_compression_opts.max_dict_bytes: 0
2022/03/14-20:24:41.928458 115b4e600         Options.bottommost_compression_opts.zstd_max_train_bytes: 0
2022/03/14-20:24:41.928460 115b4e600         Options.bottommost_compression_opts.parallel_threads: 1
2022/03/14-20:24:41.928461 115b4e600                  Options.bottommost_compression_opts.enabled: false
2022/03/14-20:24:41.928462 115b4e600            Options.compression_opts.window_bits: -14
2022/03/14-20:24:41.928464 115b4e600                  Options.compression_opts.level: 32767
2022/03/14-20:24:41.928465 115b4e600               Options.compression_opts.strategy: 0
2022/03/14-20:24:41.928466 115b4e600         Options.compression_opts.max_dict_bytes: 0
2022/03/14-20:24:41.928468 115b4e600         Options.compression_opts.zstd_max_train_bytes: 0
2022/03/14-20:24:41.928469 115b4e600         Options.compression_opts.parallel_threads: 1
2022/03/14-20:24:41.928470 115b4e600                  Options.compression_opts.enabled: false
2022/03/14-20:24:41.928472 115b4e600      Options.level0_file_num_compaction_trigger: 4
2022/03/14-20:24:41.928511 115b4e600          Options.level0_slowdown_writes_trigger: 20
2022/03/14-20:24:41.928513 115b4e600              Options.level0_stop_writes_trigger: 36
2022/03/14-20:24:41.928514 115b4e600                   Options.target_file_size_base: 107374182
2022/03/14-20:24:41.928516 115b4e600             Options.target_file_size_multiplier: 1
2022/03/14-20:24:41.928517 115b4e600                Options.max_bytes_for_level_base: 1073741824
2022/03/14-20:24:41.928518 115b4e600 Options.level_compaction_dynamic_level_bytes: 0
2022/03/14-20:24:41.928520 115b4e600          Options.max_bytes_for_level_multiplier: 10.000000
2022/03/14-20:24:41.928522 115b4e600 Options.max_bytes_for_level_multiplier_addtl[0]: 1
2022/03/14-20:24:41.928523 115b4e600 Options.max_bytes_for_level_multiplier_addtl[1]: 1
2022/03/14-20:24:41.928525 115b4e600 Options.max_bytes_for_level_multiplier_addtl[2]: 1
2022/03/14-20:24:41.928526 115b4e600 Options.max_bytes_for_level_multiplier_addtl[3]: 1
2022/03/14-20:24:41.928527 115b4e600 Options.max_bytes_for_level_multiplier_addtl[4]: 1
2022/03/14-20:24:41.928529 115b4e600 Options.max_bytes_for_level_multiplier_addtl[5]: 1
2022/03/14-20:24:41.928530 115b4e600 Options.max_bytes_for_level_multiplier_addtl[6]: 1
2022/03/14-20:24:41.928531 115b4e600       Options.max_sequential_skip_in_iterations: 8
2022/03/14-20:24:41.928533 115b4e600                    Options.max_compaction_bytes: 2684354550
2022/03/14-20:24:41.928534 115b4e600                        Options.arena_block_size: 33554432
2022/03/14-20:24:41.928535 115b4e600   Options.soft_pending_compaction_bytes_limit: 68719476736
2022/03/14-20:24:41.928537 115b4e600   Options.hard_pending_compaction_bytes_limit: 274877906944
2022/03/14-20:24:41.928538 115b4e600       Options.rate_limit_delay_max_milliseconds: 100
2022/03/14-20:24:41.928539 115b4e600                Options.disable_auto_compactions: 0
2022/03/14-20:24:41.928541 115b4e600                        Options.compaction_style: kCompactionStyleLevel
2022/03/14-20:24:41.928543 115b4e600                          Options.compaction_pri: kMinOverlappingRatio
2022/03/14-20:24:41.928544 115b4e600 Options.compaction_options_universal.size_ratio: 1
2022/03/14-20:24:41.928545 115b4e600 Options.compaction_options_universal.min_merge_width: 2
2022/03/14-20:24:41.928546 115b4e600 Options.compaction_options_universal.max_merge_width: 4294967295
2022/03/14-20:24:41.928548 115b4e600 Options.compaction_options_universal.max_size_amplification_percent: 200
2022/03/14-20:24:41.928549 115b4e600 Options.compaction_options_universal.compression_size_percent: -1
2022/03/14-20:24:41.928551 115b4e600 Options.compaction_options_universal.stop_style: kCompactionStopStyleTotalSize
2022/03/14-20:24:41.928553 115b4e600 Options.compaction_options_fifo.max_table_files_size: 1073741824
2022/03/14-20:24:41.928554 115b4e600 Options.compaction_options_fifo.allow_compaction: 0
2022/03/14-20:24:41.928556 115b4e600                   Options.table_properties_collectors: 
2022/03/14-20:24:41.928558 115b4e600                   Options.inplace_update_support: 0
2022/03/14-20:24:41.928559 115b4e600                 Options.inplace_update_num_locks: 10000
2022/03/14-20:24:41.928561 115b4e600               Options.memtable_prefix_bloom_size_ratio: 0.000000
2022/03/14-20:24:41.928562 115b4e600               Options.memtable_whole_key_filtering: 0
2022/03/14-20:24:41.928563 115b4e600   Options.memtable_huge_page_size: 0
2022/03/14-20:24:41.928565 115b4e600                           Options.bloom_locality: 0
2022/03/14-20:24:41.928566 115b4e600                    Options.max_successive_merges: 0
2022/03/14-20:24:41.928567 115b4e600                Options.optimize_filters_for_hits: 0
2022/03/14-20:24:41.928569 115b4e600                Options.paranoid_file_checks: 0
2022/03/14-20:24:41.928570 115b4e600                Options.force_consistency_checks: 1
2022/03/14-20:24:41.928571 115b4e600                Options.report_bg_io_stats: 0
2022/03/14-20:24:41.928572 115b4e600                               Options.ttl: 2592000
2022/03/14-20:24:41.928594 115b4e600          Options.periodic_compaction_seconds: 2592000
2022/03/14-20:24:41.928596 115b4e600                    Options.enable_blob_files: false
2022/03/14-20:24:41.928597 115b4e600                        Options.min_blob_size: 0
2022/03/14-20:24:41.928599 115b4e600                       Options.blob_file_size: 268435456
2022/03/14-20:24:41.928600 115b4e600                Options.blob_compression_type: NoCompression
2022/03/14-20:24:41.928601 115b4e600       Options.enable_blob_garbage_collection: false
2022/03/14-20:24:41.928603 115b4e600   Options.blob_garbage_collection_age_cutoff: 0.250000
2022/03/14-20:24:41.929204 115b4e600 [db/db_impl/db_impl.cc:2658] Created column family [meta] (ID 1)
2022/03/14-20:24:41.936937 115b4e600 [db/column_family.cc:597] --------------- Options for column family [dead_slots]:
2022/03/14-20:24:41.936961 115b4e600               Options.comparator: leveldb.BytewiseComparator
2022/03/14-20:24:41.936965 115b4e600           Options.merge_operator: None
2022/03/14-20:24:41.936967 115b4e600        Options.compaction_filter: None
2022/03/14-20:24:41.936970 115b4e600        Options.compaction_filter_factory: purged_slot_filter_factory(dead_slots)
2022/03/14-20:24:41.936972 115b4e600  Options.sst_partitioner_factory: None
2022/03/14-20:24:41.936975 115b4e600         Options.memtable_factory: SkipListFactory
2022/03/14-20:24:41.936977 115b4e600            Options.table_factory: BlockBasedTable
2022/03/14-20:24:41.937028 115b4e600            table_factory options:   flush_block_policy_factory: FlushBlockBySizePolicyFactory (0x600000e8c570)
  cache_index_and_filter_blocks: 0
  cache_index_and_filter_blocks_with_high_priority: 1
  pin_l0_filter_and_index_blocks_in_cache: 0
  pin_top_level_index_and_filter: 1
  index_type: 0
  data_block_index_type: 0
  index_shortening: 1
  data_block_hash_table_util_ratio: 0.750000
  hash_index_allow_collision: 1
  checksum: 1
  no_block_cache: 0
  block_cache: 0x600003d8c3d8
  block_cache_name: LRUCache
  block_cache_options:
    capacity : 8388608
    num_shard_bits : 4
    strict_capacity_limit : 0
    memory_allocator : None
    high_pri_pool_ratio: 0.000
  block_cache_compressed: 0x0
  persistent_cache: 0x0
  block_size: 4096
  block_size_deviation: 10
  block_restart_interval: 16
  index_block_restart_interval: 1
  metadata_block_size: 4096
  partition_filters: 0
  use_delta_encoding: 1
  filter_policy: nullptr
  whole_key_filtering: 1
  verify_compression: 0
  read_amp_bytes_per_bit: 0
  format_version: 4
  enable_index_compression: 1
  block_align: 0
2022/03/14-20:24:41.937036 115b4e600        Options.write_buffer_size: 268435456
2022/03/14-20:24:41.937039 115b4e600  Options.max_write_buffer_number: 8
2022/03/14-20:24:41.937041 115b4e600          Options.compression: NoCompression
2022/03/14-20:24:41.937043 115b4e600                  Options.bottommost_compression: Disabled
2022/03/14-20:24:41.937045 115b4e600       Options.prefix_extractor: nullptr
2022/03/14-20:24:41.937047 115b4e600   Options.memtable_insert_with_hint_prefix_extractor: nullptr
2022/03/14-20:24:41.937049 115b4e600             Options.num_levels: 7
2022/03/14-20:24:41.937050 115b4e600        Options.min_write_buffer_number_to_merge: 1
2022/03/14-20:24:41.937052 115b4e600     Options.max_write_buffer_number_to_maintain: 0
2022/03/14-20:24:41.937054 115b4e600     Options.max_write_buffer_size_to_maintain: 0
2022/03/14-20:24:41.937056 115b4e600            Options.bottommost_compression_opts.window_bits: -14
2022/03/14-20:24:41.937058 115b4e600                  Options.bottommost_compression_opts.level: 32767
2022/03/14-20:24:41.937060 115b4e600               Options.bottommost_compression_opts.strategy: 0
2022/03/14-20:24:41.937062 115b4e600         Options.bottommost_compression_opts.max_dict_bytes: 0
2022/03/14-20:24:41.937063 115b4e600         Options.bottommost_compression_opts.zstd_max_train_bytes: 0
2022/03/14-20:24:41.937065 115b4e600         Options.bottommost_compression_opts.parallel_threads: 1
2022/03/14-20:24:41.937067 115b4e600                  Options.bottommost_compression_opts.enabled: false
2022/03/14-20:24:41.937069 115b4e600            Options.compression_opts.window_bits: -14
2022/03/14-20:24:41.937071 115b4e600                  Options.compression_opts.level: 32767
2022/03/14-20:24:41.937073 115b4e600               Options.compression_opts.strategy: 0
2022/03/14-20:24:41.937074 115b4e600         Options.compression_opts.max_dict_bytes: 0
2022/03/14-20:24:41.937076 115b4e600         Options.compression_opts.zstd_max_train_bytes: 0
2022/03/14-20:24:41.937078 115b4e600         Options.compression_opts.parallel_threads: 1
2022/03/14-20:24:41.937080 115b4e600                  Options.compression_opts.enabled: false
2022/03/14-20:24:41.937082 115b4e600      Options.level0_file_num_compaction_trigger: 4
2022/03/14-20:24:41.937134 115b4e600          Options.level0_slowdown_writes_trigger: 20
2022/03/14-20:24:41.937137 115b4e600              Options.level0_stop_writes_trigger: 36
2022/03/14-20:24:41.937139 115b4e600                   Options.target_file_size_base: 107374182
2022/03/14-20:24:41.937142 115b4e600             Options.target_file_size_multiplier: 1
2022/03/14-20:24:41.937143 115b4e600                Options.max_bytes_for_level_base: 1073741824
2022/03/14-20:24:41.937145 115b4e600 Options.level_compaction_dynamic_level_bytes: 0
2022/03/14-20:24:41.937147 115b4e600          Options.max_bytes_for_level_multiplier: 10.000000
2022/03/14-20:24:41.937151 115b4e600 Options.max_bytes_for_level_multiplier_addtl[0]: 1
2022/03/14-20:24:41.937153 115b4e600 Options.max_bytes_for_level_multiplier_addtl[1]: 1
2022/03/14-20:24:41.937154 115b4e600 Options.max_bytes_for_level_multiplier_addtl[2]: 1
2022/03/14-20:24:41.937156 115b4e600 Options.max_bytes_for_level_multiplier_addtl[3]: 1
2022/03/14-20:24:41.937158 115b4e600 Options.max_bytes_for_level_multiplier_addtl[4]: 1
2022/03/14-20:24:41.937161 115b4e600 Options.max_bytes_for_level_multiplier_addtl[5]: 1
2022/03/14-20:24:41.937163 115b4e600 Options.max_bytes_for_level_multiplier_addtl[6]: 1
2022/03/14-20:24:41.937165 115b4e600       Options.max_sequential_skip_in_iterations: 8
2022/03/14-20:24:41.937166 115b4e600                    Options.max_compaction_bytes: 2684354550
2022/03/14-20:24:41.937168 115b4e600                        Options.arena_block_size: 33554432
2022/03/14-20:24:41.937170 115b4e600   Options.soft_pending_compaction_bytes_limit: 68719476736
2022/03/14-20:24:41.937172 115b4e600   Options.hard_pending_compaction_bytes_limit: 274877906944
2022/03/14-20:24:41.937174 115b4e600       Options.rate_limit_delay_max_milliseconds: 100
2022/03/14-20:24:41.937176 115b4e600                Options.disable_auto_compactions: 0
2022/03/14-20:24:41.937179 115b4e600                        Options.compaction_style: kCompactionStyleLevel
2022/03/14-20:24:41.937181 115b4e600                          Options.compaction_pri: kMinOverlappingRatio
2022/03/14-20:24:41.937183 115b4e600 Options.compaction_options_universal.size_ratio: 1
2022/03/14-20:24:41.937185 115b4e600 Options.compaction_options_universal.min_merge_width: 2
2022/03/14-20:24:41.937187 115b4e600 Options.compaction_options_universal.max_merge_width: 4294967295
2022/03/14-20:24:41.937189 115b4e600 Options.compaction_options_universal.max_size_amplification_percent: 200
2022/03/14-20:24:41.937191 115b4e600 Options.compaction_options_universal.compression_size_percent: -1
2022/03/14-20:24:41.937194 115b4e600 Options.compaction_options_universal.stop_style: kCompactionStopStyleTotalSize
2022/03/14-20:24:41.937196 115b4e600 Options.compaction_options_fifo.max_table_files_size: 1073741824
2022/03/14-20:24:41.937198 115b4e600 Options.compaction_options_fifo.allow_compaction: 0
2022/03/14-20:24:41.937201 115b4e600                   Options.table_properties_collectors: 
2022/03/14-20:24:41.937203 115b4e600                   Options.inplace_update_support: 0
2022/03/14-20:24:41.937205 115b4e600                 Options.inplace_update_num_locks: 10000
2022/03/14-20:24:41.937206 115b4e600               Options.memtable_prefix_bloom_size_ratio: 0.000000
2022/03/14-20:24:41.937209 115b4e600               Options.memtable_whole_key_filtering: 0
2022/03/14-20:24:41.937211 115b4e600   Options.memtable_huge_page_size: 0
2022/03/14-20:24:41.937213 115b4e600                           Options.bloom_locality: 0
2022/03/14-20:24:41.937215 115b4e600                    Options.max_successive_merges: 0
2022/03/14-20:24:41.937216 115b4e600                Options.optimize_filters_for_hits: 0
2022/03/14-20:24:41.937218 115b4e600                Options.paranoid_file_checks: 0
2022/03/14-20:24:41.937220 115b4e600                Options.force_consistency_checks: 1
2022/03/14-20:24:41.937222 115b4e600                Options.report_bg_io_stats: 0
2022/03/14-20:24:41.937224 115b4e600                               Options.ttl: 2592000
2022/03/14-20:24:41.937261 115b4e600          Options.periodic_compaction_seconds: 2592000
2022/03/14-20:24:41.937264 115b4e600                    Options.enable_blob_files: false
2022/03/14-20:24:41.937266 115b4e600                        Options.min_blob_size: 0
2022/03/14-20:24:41.937268 115b4e600                       Options.blob_file_size: 268435456
2022/03/14-20:24:41.937270 115b4e600                Options.blob_compression_type: NoCompression
2022/03/14-20:24:41.937272 115b4e600       Options.enable_blob_garbage_collection: false
2022/03/14-20:24:41.937274 115b4e600   Options.blob_garbage_collection_age_cutoff: 0.250000
2022/03/14-20:24:41.937380 115b4e600 [db/db_impl/db_impl.cc:2658] Created column family [dead_slots] (ID 2)
2022/03/14-20:24:41.945448 115b4e600 [db/column_family.cc:597] --------------- Options for column family [duplicate_slots]:
2022/03/14-20:24:41.945457 115b4e600               Options.comparator: leveldb.BytewiseComparator
2022/03/14-20:24:41.945460 115b4e600           Options.merge_operator: None
2022/03/14-20:24:41.945461 115b4e600        Options.compaction_filter: None
2022/03/14-20:24:41.945463 115b4e600        Options.compaction_filter_factory: purged_slot_filter_factory(duplicate_slots)
2022/03/14-20:24:41.945464 115b4e600  Options.sst_partitioner_factory: None
2022/03/14-20:24:41.945466 115b4e600         Options.memtable_factory: SkipListFactory
2022/03/14-20:24:41.945467 115b4e600            Options.table_factory: BlockBasedTable
2022/03/14-20:24:41.945489 115b4e600            table_factory options:   flush_block_policy_factory: FlushBlockBySizePolicyFactory (0x600000e8c5a0)
  cache_index_and_filter_blocks: 0
  cache_index_and_filter_blocks_with_high_priority: 1
  pin_l0_filter_and_index_blocks_in_cache: 0
  pin_top_level_index_and_filter: 1
  index_type: 0
  data_block_index_type: 0
  index_shortening: 1
  data_block_hash_table_util_ratio: 0.750000
  hash_index_allow_collision: 1
  checksum: 1
  no_block_cache: 0
  block_cache: 0x600003d8c478
  block_cache_name: LRUCache
  block_cache_options:
    capacity : 8388608
    num_shard_bits : 4
    strict_capacity_limit : 0
    memory_allocator : None
    high_pri_pool_ratio: 0.000
  block_cache_compressed: 0x0
  persistent_cache: 0x0
  block_size: 4096
  block_size_deviation: 10
  block_restart_interval: 16
  index_block_restart_interval: 1
  metadata_block_size: 4096
  partition_filters: 0
  use_delta_encoding: 1
  filter_policy: nullptr
  whole_key_filtering: 1
  verify_compression: 0
  read_amp_bytes_per_bit: 0
  format_version: 4
  enable_index_compression: 1
  block_align: 0
2022/03/14-20:24:41.945495 115b4e600        Options.write_buffer_size: 268435456
2022/03/14-20:24:41.945496 115b4e600  Options.max_write_buffer_number: 8
2022/03/14-20:24:41.945498 115b4e600          Options.compression: NoCompression
2022/03/14-20:24:41.945499 115b4e600                  Options.bottommost_compression: Disabled
2022/03/14-20:24:41.945501 115b4e600       Options.prefix_extractor: nullptr
2022/03/14-20:24:41.945502 115b4e600   Options.memtable_insert_with_hint_prefix_extractor: nullptr
2022/03/14-20:24:41.945503 115b4e600             Options.num_levels: 7
2022/03/14-20:24:41.945505 115b4e600        Options.min_write_buffer_number_to_merge: 1
2022/03/14-20:24:41.945506 115b4e600     Options.max_write_buffer_number_to_maintain: 0
2022/03/14-20:24:41.945507 115b4e600     Options.max_write_buffer_size_to_maintain: 0
2022/03/14-20:24:41.945509 115b4e600            Options.bottommost_compression_opts.window_bits: -14
2022/03/14-20:24:41.945510 115b4e600                  Options.bottommost_compression_opts.level: 32767
2022/03/14-20:24:41.945512 115b4e600               Options.bottommost_compression_opts.strategy: 0
2022/03/14-20:24:41.945513 115b4e600         Options.bottommost_compression_opts.max_dict_bytes: 0
2022/03/14-20:24:41.945515 115b4e600         Options.bottommost_compression_opts.zstd_max_train_bytes: 0
2022/03/14-20:24:41.945516 115b4e600         Options.bottommost_compression_opts.parallel_threads: 1
2022/03/14-20:24:41.945517 115b4e600                  Options.bottommost_compression_opts.enabled: false
2022/03/14-20:24:41.945519 115b4e600            Options.compression_opts.window_bits: -14
2022/03/14-20:24:41.945520 115b4e600                  Options.compression_opts.level: 32767
2022/03/14-20:24:41.945521 115b4e600               Options.compression_opts.strategy: 0
2022/03/14-20:24:41.945523 115b4e600         Options.compression_opts.max_dict_bytes: 0
2022/03/14-20:24:41.945524 115b4e600         Options.compression_opts.zstd_max_train_bytes: 0
2022/03/14-20:24:41.945525 115b4e600         Options.compression_opts.parallel_threads: 1
2022/03/14-20:24:41.945527 115b4e600                  Options.compression_opts.enabled: false
